orf,A,C,D,E,F,G,H,I,K,L,M,N,P,Q,R,S,T,V,W,Y
YBL013W,8.728179551,2.244389027,4.987531172,3.990024938,4.239401496,6.234413965,1.995012469,5.236907731,5.486284289,12.46882793,2.244389027,4.738154613,6.234413965,4.738154613,7.980049875,5.735660848,5.735660848,4.738154613,0.498753117,1.74563591
YAL033W,3.468208092,2.312138728,7.514450867,5.780346821,3.468208092,4.046242775,2.312138728,11.56069364,8.092485549,9.826589595,2.89017341,6.936416185,2.312138728,2.312138728,5.780346821,11.56069364,2.89017341,5.202312139,0,1.734104046
YAL041W,4.332552693,0.819672131,4.215456674,6.323185012,4.800936768,1.990632319,2.927400468,7.259953162,7.259953162,9.836065574,2.576112412,8.196721311,3.629976581,4.683840749,3.981264637,14.87119438,5.386416862,4.098360656,0.702576112,2.107728337
Q0140,0.753768844,0.251256281,2.512562814,0.502512563,1.256281407,2.512562814,1.256281407,10.55276382,9.547738693,10.30150754,8.291457286,31.90954774,1.75879397,1.005025126,1.256281407,4.020100503,3.266331658,1.256281407,0.753768844,7.035175879
YAR033W,6.41025641,0.854700855,4.273504274,6.837606838,4.700854701,2.991452991,1.709401709,7.692307692,5.128205128,10.68376068,1.282051282,6.41025641,5.555555556,2.991452991,5.982905983,6.837606838,5.982905983,6.41025641,1.709401709,5.555555556
YAL012W,10.40609137,0,5.329949239,5.329949239,3.553299492,7.106598985,3.553299492,6.091370558,5.583756345,10.15228426,0.76142132,5.583756345,4.314720812,3.807106599,3.299492386,7.360406091,7.106598985,7.614213198,0.507614213,2.538071066
YAL013W,6.172839506,1.481481481,8.148148148,13.58024691,1.728395062,2.222222222,2.469135802,5.185185185,6.913580247,9.135802469,2.222222222,5.925925926,4.444444444,5.679012346,4.938271605,6.419753086,5.432098765,3.456790123,0.49382716,3.950617284
YAL032C,9.234828496,0.263852243,5.80474934,7.65171504,2.374670185,4.221635884,2.110817942,3.957783641,8.970976253,7.65171504,1.846965699,7.124010554,5.277044855,5.013192612,6.332453826,8.179419525,4.485488127,6.332453826,0.527704485,2.638522427
YAR064W,5.050505051,7.070707071,2.02020202,7.070707071,8.080808081,7.070707071,4.04040404,4.04040404,5.050505051,8.080808081,2.02020202,3.03030303,6.060606061,1.01010101,7.070707071,11.11111111,7.070707071,2.02020202,1.01010101,2.02020202
YAL034W-A,3.806228374,0.692041522,8.650519031,10.38062284,2.076124567,3.114186851,0.346020761,5.882352941,11.07266436,14.87889273,2.076124567,5.53633218,2.422145329,3.114186851,5.190311419,6.228373702,5.190311419,6.574394464,0,2.76816609
YAL053W,8.045977011,1.277139208,4.597701149,2.937420179,7.918263091,3.831417625,0.638569604,6.513409962,4.469987229,10.85568327,1.915708812,7.407407407,3.320561941,3.831417625,3.448275862,9.195402299,7.151979566,8.045977011,1.149425287,3.448275862
YAL035W,8.383233533,0.698602794,6.087824351,12.2754491,1.996007984,5.389221557,1.19760479,4.790419162,12.1756487,9.181636727,1.696606786,3.293413174,3.592814371,4.99001996,4.391217565,6.28742515,4.690618762,6.487025948,0.598802395,1.796407186
YAR008W,5.090909091,0.363636364,8,5.454545455,4.727272727,7.272727273,2.545454545,8.727272727,7.636363636,12.36363636,2.181818182,3.636363636,2.909090909,4,5.818181818,6.909090909,4.363636364,4,1.454545455,2.545454545
Q0250,5.976095618,1.593625498,5.577689243,6.374501992,4.780876494,4.780876494,1.992031873,10.35856574,3.187250996,11.55378486,3.187250996,3.187250996,5.179282869,3.585657371,1.992031873,5.179282869,6.374501992,7.569721116,1.992031873,5.577689243
YAL048C,4.380664653,2.567975831,7.552870091,5.438066465,5.589123867,4.229607251,1.963746224,6.948640483,7.552870091,12.38670695,1.208459215,4.682779456,4.531722054,3.32326284,3.625377644,8.3081571,5.740181269,5.740181269,1.057401813,3.172205438
YAL062W,8.75273523,1.312910284,4.595185996,7.439824945,4.595185996,10.06564551,0.875273523,6.564551422,6.783369803,5.90809628,2.188183807,4.595185996,3.06345733,3.938730853,3.501094092,8.096280088,5.032822757,8.096280088,1.312910284,3.282275711
YAL011W,5.92,0.48,6.4,11.04,2.24,2.88,1.44,4.48,13.6,7.36,3.04,4.48,4.64,5.12,6.4,7.52,4.96,4.8,0.96,2.24
YAL067W-A,1.333333333,5.333333333,2.666666667,1.333333333,6.666666667,2.666666667,1.333333333,8,8,12,1.333333333,5.333333333,9.333333333,0,9.333333333,6.666666667,2.666666667,10.66666667,0,5.333333333
YAL063C-A,3.125,4.166666667,5.208333333,1.041666667,4.166666667,2.083333333,3.125,17.70833333,8.333333333,9.375,1.041666667,8.333333333,1.041666667,1.041666667,7.291666667,7.291666667,6.25,3.125,1.041666667,5.208333333
YAL016W,8.346456693,1.102362205,8.346456693,6.141732283,4.251968504,2.677165354,0.62992126,7.401574803,5.511811024,14.33070866,1.417322835,5.511811024,3.307086614,4.251968504,3.622047244,7.874015748,4.566929134,7.716535433,1.102362205,1.88976378
YAL068C,15.83333333,0,4.166666667,4.166666667,2.5,5,1.666666667,6.666666667,2.5,6.666666667,3.333333333,2.5,4.166666667,3.333333333,3.333333333,7.5,10.83333333,9.166666667,0.833333333,5.833333333
YAL008W,5.050505051,0.505050505,2.02020202,2.525252525,6.565656566,9.595959596,0.505050505,6.060606061,8.585858586,14.14141414,4.04040404,7.070707071,2.525252525,2.525252525,5.050505051,6.060606061,4.545454545,9.090909091,1.515151515,2.02020202
YAL015C,3.759398496,1.253132832,5.263157895,7.518796992,1.503759399,4.761904762,1.253132832,7.01754386,9.022556391,10.52631579,3.007518797,3.50877193,5.764411028,5.513784461,4.260651629,6.516290727,6.015037594,8.270676692,2.506265664,2.756892231
Q0110,3.073286052,1.654846336,2.364066194,1.891252955,4.01891253,6.619385343,2.127659574,9.929078014,8.037825059,9.929078014,8.037825059,8.983451537,2.364066194,2.127659574,2.364066194,6.855791962,5.200945626,4.01891253,1.891252955,8.510638298
YAL039C,4.832713755,1.486988848,7.063197026,6.691449814,4.089219331,7.434944238,2.973977695,2.602230483,5.204460967,6.319702602,5.204460967,3.717472119,9.293680297,4.460966543,4.832713755,10.78066915,2.602230483,6.319702602,2.602230483,1.486988848
YAL019W,5.835543767,0.618921309,9.195402299,7.515473033,3.448275862,3.359858532,1.945181256,5.658709107,9.018567639,9.106984969,1.945181256,7.250221043,4.42086649,4.067197171,4.42086649,8.399646331,5.570291777,4.862953139,0.530503979,2.829354553
YBL009W,3.106508876,1.627218935,5.473372781,3.846153846,4.142011834,3.698224852,3.402366864,4.881656805,8.431952663,11.68639053,1.479289941,6.50887574,3.106508876,5.029585799,4.437869822,15.0887574,6.213017751,4.437869822,1.035502959,2.366863905
YAL002W,3.924646782,2.040816327,5.416012559,6.279434851,4.631083203,3.532182104,2.354788069,8.006279435,6.200941915,12.63736264,1.177394035,5.886970173,3.689167975,4.160125589,3.218210361,10.1255887,5.259026688,6.436420722,1.098901099,3.924646782
YAL051W,4.489016237,1.719197708,5.253104107,6.208213945,5.444126075,4.297994269,2.483285578,7.640878701,6.303724928,10.88825215,3.151862464,7.258834766,4.584527221,2.865329513,4.584527221,10.21967526,5.062082139,4.011461318,0.573065903,2.960840497
YAL040C,7.24137931,1.896551724,4.137931034,2.75862069,5.344827586,1.206896552,2.068965517,5.517241379,5.862068966,12.24137931,2.068965517,7.24137931,4.827586207,4.137931034,3.793103448,15.86206897,7.413793103,1.896551724,0.862068966,3.620689655
YAL026C,6.420664207,0.959409594,6.273062731,6.568265683,5.830258303,5.608856089,1.992619926,8.044280443,5.756457565,9.298892989,2.066420664,6.051660517,3.32103321,3.468634686,4.280442804,7.158671587,6.199261993,5.535055351,1.328413284,3.837638376
Q0070,4.285714286,1.111111111,2.53968254,2.222222222,5.714285714,6.349206349,2.380952381,9.206349206,6.031746032,11.9047619,6.666666667,7.619047619,3.968253968,1.587301587,2.857142857,6.825396825,5.396825397,5.714285714,1.428571429,6.19047619
YAR003W,4.694835681,2.34741784,6.807511737,8.920187793,3.286384977,4.225352113,2.816901408,7.981220657,4.460093897,9.85915493,1.17370892,4.694835681,4.225352113,3.521126761,3.990610329,8.920187793,5.633802817,6.338028169,2.582159624,3.521126761
YAL030W,9.401709402,0.854700855,6.837606838,6.837606838,2.564102564,3.418803419,1.709401709,8.547008547,6.837606838,7.692307692,4.273504274,4.273504274,3.418803419,3.418803419,7.692307692,7.692307692,3.418803419,8.547008547,0.854700855,1.709401709
YAL027W,5.747126437,0.766283525,5.363984674,5.363984674,3.448275862,2.298850575,3.0651341,9.961685824,9.195402299,11.49425287,1.53256705,6.513409962,5.363984674,4.597701149,4.597701149,6.513409962,5.363984674,6.130268199,0.383141762,2.298850575
YAR028W,7.264957265,1.282051282,4.700854701,6.837606838,4.700854701,3.418803419,2.564102564,7.692307692,5.982905983,8.547008547,4.700854701,4.273504274,4.273504274,2.991452991,1.709401709,9.829059829,5.982905983,6.837606838,1.282051282,5.128205128
YAL037C-A,0,0,3.333333333,0,6.666666667,3.333333333,3.333333333,16.66666667,10,10,10,10,3.333333333,3.333333333,0,6.666666667,6.666666667,6.666666667,0,0
YAL046C,2.542372881,1.694915254,3.389830508,4.237288136,1.694915254,6.779661017,2.542372881,6.779661017,10.16949153,10.16949153,5.084745763,2.542372881,4.237288136,6.779661017,5.084745763,10.16949153,7.627118644,5.084745763,2.542372881,0.847457627
YAR029W,2.702702703,4.054054054,4.054054054,13.51351351,10.81081081,4.054054054,2.702702703,4.054054054,4.054054054,6.756756757,1.351351351,6.756756757,5.405405405,4.054054054,5.405405405,5.405405405,6.756756757,1.351351351,1.351351351,5.405405405
YAL049C,10.16260163,1.62601626,7.317073171,5.691056911,6.910569106,7.723577236,3.658536585,7.723577236,8.130081301,6.910569106,1.219512195,3.658536585,4.471544715,2.032520325,2.43902439,6.097560976,3.25203252,6.910569106,0.81300813,3.25203252
YAL017W,4.424778761,0.884955752,7.079646018,7.15339233,4.498525074,4.424778761,2.581120944,6.563421829,7.522123894,10.4719764,1.843657817,6.268436578,5.383480826,2.876106195,3.83480826,10.84070796,5.530973451,4.867256637,0.589970501,2.359882006
Q0050,3.717026379,1.558752998,4.076738609,3.477218225,3.597122302,6.115107914,2.038369305,7.793764988,9.952038369,8.992805755,6.354916067,8.273381295,3.597122302,1.678657074,5.51558753,5.395683453,7.314148681,4.916067146,0.959232614,4.676258993
YAL038W,8.6,1.4,6.4,5.6,3,6.8,1.4,7.4,7.4,7,2.2,5.2,5,2,4.8,5.4,7.6,9.6,0.2,3
YAL064W,2.127659574,3.191489362,2.127659574,5.319148936,11.70212766,3.191489362,2.127659574,3.191489362,6.382978723,11.70212766,2.127659574,6.382978723,5.319148936,6.382978723,7.446808511,9.574468085,4.255319149,6.382978723,0,1.063829787
YAR050W,4.619388419,1.040988939,2.797657775,5.530253741,2.342225114,6.11581002,0.325309044,6.245933637,1.236174366,3.448275862,1.886792453,3.318152245,5.855562785,2.147039688,1.626545218,13.01236174,28.10670137,6.831489915,1.626545218,1.886792453
Q0275,8.178438662,0.743494424,1.858736059,2.602230483,5.94795539,7.063197026,5.576208178,6.691449814,0.743494424,13.38289963,4.832713755,3.345724907,3.345724907,1.486988848,2.602230483,5.94795539,7.434944238,9.293680297,3.345724907,5.576208178
Q0105,5.714285714,1.038961039,2.077922078,1.298701299,9.350649351,6.493506494,3.376623377,10.38961039,1.818181818,11.16883117,4.415584416,5.194805195,4.935064935,1.558441558,2.857142857,7.272727273,4.155844156,9.61038961,1.818181818,5.454545455
YAL064W-B,6.349206349,3.968253968,3.968253968,9.523809524,1.587301587,3.174603175,5.555555556,5.555555556,0,4.761904762,2.380952381,0,3.174603175,1.587301587,0,9.523809524,9.523809524,27.77777778,0,1.587301587
YAL022C,5.02901354,0.773694391,4.835589942,6.189555126,7.736943907,5.609284333,1.740812379,8.510638298,3.868471954,9.864603482,3.675048356,4.448742747,3.094777563,2.321083172,3.481624758,9.284332689,6.963249516,8.123791103,1.547388781,2.901353965
YAL059W,9.905660377,0,6.132075472,8.962264151,2.358490566,3.301886792,0,5.188679245,13.20754717,9.905660377,1.41509434,6.603773585,2.358490566,3.301886792,7.075471698,8.490566038,5.188679245,4.716981132,0.943396226,0.943396226
YAL042W,5.78313253,2.409638554,6.506024096,4.819277108,5.301204819,8.915662651,3.855421687,4.819277108,5.060240964,8.43373494,2.168674699,6.506024096,4.096385542,4.578313253,5.060240964,6.265060241,5.301204819,6.506024096,0.963855422,2.65060241
YBL003C,14.39393939,0,2.272727273,3.787878788,0.757575758,10.60606061,2.272727273,5.303030303,8.333333333,12.87878788,0.757575758,6.060606061,3.787878788,4.545454545,7.575757576,6.060606061,3.787878788,4.545454545,0,2.272727273
YAL061W,8.633093525,3.357314149,5.995203837,8.153477218,2.877697842,8.872901679,4.316546763,7.673860911,5.51558753,7.673860911,2.398081535,4.076738609,4.316546763,1.438848921,5.275779377,4.076738609,5.035971223,6.23501199,1.199040767,2.877697842
YAL034C,5.084745763,0.726392252,4.842615012,3.147699758,2.905569007,3.87409201,1.694915254,4.11622276,7.748184019,9.685230024,1.937046005,9.685230024,8.232445521,3.631961259,6.779661017,12.34866828,3.631961259,3.389830508,1.210653753,5.326876513
YBL004W,4.612916165,0.762133975,5.575611713,6.939430405,5.294825511,2.847974328,2.206177296,7.581227437,7.180104292,13.27717609,2.085840353,5.535499398,2.807862014,3.369434416,4.853590052,9.306056959,5.495387084,5.695948656,0.882470919,3.690332932
YAL044W-A,8.181818182,0.909090909,3.636363636,6.363636364,5.454545455,7.272727273,5.454545455,2.727272727,10,9.090909091,4.545454545,3.636363636,3.636363636,5.454545455,5.454545455,6.363636364,3.636363636,4.545454545,0,3.636363636
YBL002W,12.97709924,0,2.290076336,6.106870229,1.526717557,3.053435115,1.526717557,6.106870229,14.50381679,4.580152672,1.526717557,2.290076336,3.816793893,3.053435115,4.580152672,14.50381679,8.396946565,5.34351145,0,3.816793893
YBL008W-A,3.797468354,6.329113924,1.265822785,0,6.329113924,1.265822785,2.53164557,13.92405063,12.65822785,7.594936709,2.53164557,6.329113924,2.53164557,6.329113924,6.329113924,6.329113924,3.797468354,3.797468354,2.53164557,3.797468354
YAL024C,3.832752613,0.6271777,6.341463415,6.898954704,3.344947735,1.951219512,2.090592334,7.038327526,7.386759582,9.477351916,1.881533101,8.153310105,4.181184669,3.902439024,4.668989547,13.31010453,6.132404181,5.296167247,0.836236934,2.648083624
Q0065,5.215827338,0.539568345,3.597122302,2.338129496,6.474820144,6.474820144,1.438848921,7.73381295,7.913669065,12.05035971,5.395683453,8.273381295,2.517985612,2.877697842,2.338129496,7.194244604,5.935251799,5.395683453,2.158273381,4.136690647
YAL067C,5.733558179,1.349072513,5.059021922,4.890387858,5.902192243,5.059021922,1.517706577,7.757166948,6.576728499,9.612141653,1.854974705,5.396290051,2.698145025,3.035413153,3.878583474,8.094435076,5.227655987,6.745362563,3.70994941,5.902192243
YAL058W,5.179282869,1.195219124,4.980079681,8.167330677,3.386454183,5.976095618,2.589641434,7.768924303,5.378486056,9.362549801,2.589641434,6.175298805,7.171314741,3.585657371,3.784860558,5.976095618,5.577689243,5.577689243,2.788844622,2.788844622
YAR023C,6.703910615,2.234636872,2.793296089,5.027932961,6.703910615,3.910614525,2.234636872,8.379888268,5.586592179,8.379888268,2.234636872,4.469273743,5.586592179,5.586592179,2.793296089,5.586592179,7.262569832,6.703910615,3.910614525,3.910614525
YAL007C,7.441860465,0.930232558,5.581395349,6.046511628,5.11627907,3.720930233,0.465116279,10.23255814,6.511627907,10.23255814,1.395348837,6.511627907,1.860465116,2.325581395,2.790697674,8.837209302,7.441860465,7.441860465,0.930232558,4.186046512
YAL037W,4.119850187,1.872659176,5.243445693,4.119850187,5.243445693,3.370786517,0.74906367,8.239700375,6.367041199,11.61048689,2.621722846,6.367041199,2.996254682,6.741573034,3.745318352,8.988764045,7.865168539,5.243445693,0.374531835,4.119850187
YAR027W,5.531914894,1.70212766,3.404255319,8.085106383,5.957446809,2.978723404,3.404255319,10.63829787,6.382978723,10.63829787,2.127659574,5.106382979,5.531914894,2.127659574,2.553191489,6.382978723,5.531914894,5.957446809,1.70212766,4.255319149
Q0085,5.791505792,0.386100386,1.544401544,1.544401544,8.494208494,6.563706564,1.544401544,13.12741313,1.930501931,17.76061776,4.247104247,5.405405405,3.088803089,1.930501931,1.544401544,6.94980695,6.94980695,5.019305019,1.930501931,4.247104247
Q0160,2.978723404,1.276595745,3.404255319,5.106382979,4.680851064,4.255319149,1.70212766,7.659574468,11.06382979,11.06382979,3.829787234,10.63829787,3.829787234,4.255319149,1.70212766,5.106382979,4.255319149,4.680851064,2.127659574,6.382978723
YAR031W,5.704697987,1.677852349,4.697986577,7.382550336,8.389261745,3.355704698,2.348993289,5.704697987,8.389261745,8.389261745,2.013422819,3.691275168,3.691275168,3.691275168,4.362416107,8.053691275,5.369127517,5.369127517,1.677852349,6.040268456
YAR018C,2.988505747,1.379310345,4.367816092,8.505747126,3.218390805,5.287356322,3.218390805,6.896551724,8.045977011,8.735632184,2.298850575,3.908045977,4.597701149,6.436781609,5.977011494,6.666666667,3.908045977,5.747126437,0.91954023,6.896551724
YBL015W,7.604562738,0.760456274,6.463878327,6.273764259,4.182509506,6.463878327,3.802281369,6.273764259,6.463878327,8.365019011,2.47148289,5.703422053,6.463878327,2.661596958,4.942965779,5.323193916,5.133079848,7.224334601,0.950570342,2.47148289
YAR002C-A,8.675799087,2.283105023,6.849315068,5.479452055,5.02283105,6.392694064,2.739726027,6.849315068,8.675799087,10.0456621,1.826484018,2.283105023,0.913242009,6.392694064,3.652968037,5.479452055,5.02283105,6.849315068,1.826484018,2.739726027
YAL064C-A,7.142857143,2.380952381,7.936507937,1.587301587,6.349206349,7.142857143,1.587301587,4.761904762,2.380952381,5.555555556,2.380952381,3.174603175,7.936507937,3.968253968,1.587301587,7.936507937,8.73015873,8.73015873,1.587301587,7.142857143
YBL014C,3.691275168,0.67114094,8.501118568,6.263982103,4.586129754,3.691275168,2.237136465,8.053691275,5.81655481,9.284116331,1.230425056,5.928411633,4.586129754,5.592841163,4.8098434,10.73825503,4.586129754,5.928411633,1.565995526,2.237136465
YAR015W,6.209150327,0.326797386,6.862745098,8.496732026,3.594771242,6.209150327,1.960784314,7.189542484,9.477124183,9.477124183,0.980392157,2.941176471,4.248366013,2.941176471,3.921568627,6.535947712,6.209150327,6.862745098,1.633986928,3.921568627
YAR066W,10.83743842,0,4.926108374,5.418719212,5.418719212,9.359605911,0.492610837,2.955665025,4.926108374,8.866995074,0.492610837,3.448275862,1.477832512,0.492610837,0.985221675,20.68965517,8.374384236,7.881773399,0,2.955665025
YAL063C,5.143721634,1.285930408,2.798789713,4.765506808,2.269288956,5.446293495,0.302571861,6.883509834,1.512859304,3.706505295,1.664145234,3.933434191,5.67322239,2.269288956,1.437216339,13.84266263,26.92889561,6.580937973,1.512859304,2.042360061
YAL025C,6.862745098,1.960784314,7.189542484,14.70588235,1.633986928,3.594771242,2.287581699,3.267973856,10.45751634,5.882352941,1.960784314,4.575163399,2.287581699,4.575163399,6.535947712,7.516339869,3.594771242,5.882352941,1.960784314,3.267973856
YAL020C,4.804804805,3.603603604,5.705705706,4.204204204,3.003003003,12.91291291,3.303303303,3.003003003,3.003003003,6.606606607,1.801801802,4.504504505,4.204204204,6.606606607,5.705705706,5.405405405,5.105105105,11.11111111,2.702702703,2.702702703
YAL047C,3.054662379,0,6.430868167,11.09324759,3.054662379,1.607717042,2.250803859,8.360128617,8.520900322,12.70096463,1.607717042,9.485530547,2.411575563,6.270096463,3.697749196,10.45016077,4.340836013,2.411575563,0.482315113,1.768488746
YBL017C,4.559848005,2.343255225,8.29639012,7.283090564,6.269791007,7.093096897,1.519949335,6.206459785,6.90310323,6.839772008,1.773274224,5.826472451,3.609879671,2.659911336,3.419886004,8.29639012,7.093096897,5.003166561,1.076630779,3.926535782
YAL003W,15.53398058,0.485436893,10.67961165,10.67961165,4.854368932,2.912621359,1.45631068,5.825242718,8.737864078,5.825242718,1.941747573,2.912621359,2.912621359,4.368932039,0.970873786,7.281553398,3.883495146,5.825242718,1.45631068,1.45631068
YAL036C,6.233062331,1.08401084,6.504065041,5.962059621,2.7100271,7.588075881,1.89701897,8.401084011,7.859078591,10.56910569,1.62601626,3.52303523,3.79403794,2.98102981,5.420054201,7.046070461,5.691056911,8.130081301,0.54200542,2.43902439
YAL014C,2.352941176,0.784313725,9.019607843,6.666666667,1.960784314,2.745098039,1.568627451,4.705882353,5.098039216,16.47058824,1.568627451,7.843137255,4.31372549,8.62745098,4.705882353,8.62745098,3.921568627,7.058823529,0,1.960784314
YAR019C,5.441478439,1.334702259,5.954825462,4.31211499,5.23613963,2.874743326,2.361396304,8.41889117,7.186858316,11.3963039,1.745379877,6.570841889,4.31211499,2.772073922,3.388090349,10.57494867,6.160164271,5.441478439,1.12936345,3.388090349
Q0115,2.901353965,1.160541586,3.288201161,2.321083172,5.415860735,5.02901354,1.934235977,11.41199226,8.897485493,9.090909091,6.382978723,9.671179884,2.707930368,1.740812379,2.51450677,6.189555126,4.255319149,4.448742747,2.127659574,8.510638298
YBL005W,4.508196721,1.946721311,5.327868852,6.147540984,5.635245902,2.356557377,2.151639344,7.274590164,6.454918033,11.06557377,1.741803279,6.25,4.200819672,4.610655738,3.995901639,10.04098361,6.557377049,4.200819672,0.922131148,4.610655738
Q0130,13.15789474,1.315789474,1.315789474,1.315789474,7.894736842,13.15789474,0,11.84210526,2.631578947,15.78947368,3.947368421,2.631578947,2.631578947,1.315789474,1.315789474,6.578947368,3.947368421,7.894736842,0,1.315789474
YAR035C-A,0,3.846153846,0,0,3.846153846,0,0,3.846153846,3.846153846,11.53846154,3.846153846,3.846153846,7.692307692,7.692307692,23.07692308,15.38461538,0,0,0,11.53846154
Q0055,3.512880562,2.459016393,3.864168618,3.629976581,4.449648712,6.088992974,3.512880562,7.611241218,8.665105386,10.30444965,4.215456674,8.665105386,2.927400468,1.522248244,5.269320843,7.37704918,4.683840749,5.854800937,0.702576112,4.683840749
YAR068W,4.347826087,0,0.621118012,0,3.726708075,0,4.968944099,0.621118012,3.726708075,25.46583851,1.863354037,2.48447205,15.52795031,8.695652174,1.863354037,6.211180124,10.55900621,7.453416149,1.863354037,0
YBL008W,4.642857143,1.547619048,7.5,5.476190476,3.333333333,5.714285714,2.380952381,7.738095238,7.857142857,9.404761905,1.19047619,5.476190476,4.880952381,2.5,4.761904762,9.880952381,5.833333333,6.30952381,1.904761905,1.666666667
YBL011W,6.587615283,1.185770751,4.743083004,8.300395257,5.006587615,5.006587615,2.503293808,7.246376812,7.773386034,8.563899868,2.503293808,4.347826087,4.87483531,2.766798419,5.006587615,8.432147563,4.87483531,6.587615283,0.527009223,3.162055336
YAL010C,3.448275862,1.014198783,5.882352941,4.259634888,5.679513185,3.448275862,2.231237323,4.868154158,5.882352941,11.96754564,1.21703854,7.707910751,3.651115619,3.651115619,4.056795132,13.38742394,8.92494929,3.042596349,1.622718053,4.056795132
Q0045,8.239700375,0.187265918,2.434456929,1.685393258,8.239700375,8.052434457,2.996254682,9.176029963,1.872659176,12.7340824,3.93258427,5.056179775,4.68164794,1.685393258,1.685393258,8.052434457,5.805243446,7.116104869,1.872659176,4.494382022
YAL021C,6.093189964,1.075268817,5.973715651,4.181600956,4.778972521,5.256869773,3.106332139,4.062126643,6.212664277,10.9916368,2.628434887,8.841099164,5.495818399,7.287933094,2.986857826,6.571087216,6.093189964,4.062126643,1.19474313,3.106332139
Q0255,1.483050847,0.847457627,5.296610169,2.330508475,4.237288136,3.177966102,1.059322034,10.16949153,11.86440678,9.745762712,4.872881356,15.6779661,2.542372881,1.271186441,2.542372881,5.084745763,5.084745763,2.966101695,1.906779661,7.838983051
YAR020C,21.81818182,0,3.636363636,5.454545455,1.818181818,5.454545455,1.818181818,5.454545455,1.818181818,9.090909091,1.818181818,1.818181818,0,1.818181818,3.636363636,10.90909091,7.272727273,10.90909091,0,5.454545455
YAL029C,5.302515296,1.01971448,4.690686608,7.817811013,4.690686608,4.282800816,1.767505099,8.15771584,8.15771584,10.80897349,2.243371856,6.662134602,2.991162475,4.622705642,4.418762746,7.070020394,5.030591434,5.302515296,1.01971448,3.942895989
YAR014C,4.936530324,0.423131171,11.70662906,9.590973202,2.961918195,4.654442877,2.256699577,3.94922426,6.205923836,6.064880113,1.833568406,7.052186178,4.231311707,3.526093089,3.526093089,14.3864598,4.513399154,4.654442877,0.564174894,2.961918195
YAR042W,5.976430976,0.673400673,8.080808081,7.491582492,3.03030303,4.545454545,2.946127946,4.713804714,7.575757576,9.343434343,1.851851852,7.491582492,4.377104377,3.956228956,4.377104377,7.996632997,5.892255892,4.966329966,1.767676768,2.946127946
YAL043C,4.840764331,0.50955414,6.114649682,6.496815287,3.694267516,3.312101911,1.52866242,5.859872611,7.770700637,13.24840764,2.675159236,5.095541401,4.585987261,5.095541401,3.694267516,11.71974522,5.987261147,4.585987261,0.891719745,2.292993631
Q0120,4.388714734,1.410658307,3.29153605,2.037617555,6.896551724,5.172413793,2.507836991,8.934169279,7.993730408,9.87460815,3.605015674,9.717868339,2.194357367,2.821316614,3.134796238,6.426332288,5.015673981,5.642633229,2.194357367,6.739811912
YAR035W,7.714701601,1.601164483,6.986899563,4.22125182,4.80349345,4.80349345,2.765647744,4.657933042,3.784570597,9.752547307,1.310043668,4.512372635,4.366812227,5.240174672,6.695778748,8.151382824,7.569141194,5.676855895,1.455604076,3.930131004
YBL016W,5.66572238,1.699716714,5.949008499,6.798866856,5.099150142,3.966005666,3.399433428,9.065155807,6.232294618,9.915014164,2.549575071,3.966005666,6.798866856,3.399433428,5.949008499,5.949008499,4.532577904,4.249291785,0.849858357,3.966005666
YAL005C,9.345794393,0.46728972,7.632398754,7.943925234,4.361370717,7.788161994,0.778816199,6.230529595,8.255451713,7.476635514,1.246105919,4.984423676,4.361370717,3.582554517,4.049844237,6.386292835,7.009345794,6.386292835,0.15576324,1.557632399
YBL006C,8.888888889,2.222222222,3.333333333,6.666666667,3.333333333,7.222222222,5.555555556,2.777777778,6.666666667,9.444444444,1.111111111,1.666666667,2.222222222,6.666666667,6.111111111,12.77777778,2.777777778,7.777777778,0,2.777777778
Q0080,0,0,0,0,14.58333333,2.083333333,0,8.333333333,2.083333333,25,8.333333333,2.083333333,6.25,6.25,4.166666667,6.25,4.166666667,4.166666667,0,6.25
YAL044C,5.882352941,0,4.705882353,10,1.764705882,8.235294118,1.764705882,3.529411765,5.294117647,9.411764706,2.941176471,5.294117647,4.117647059,4.705882353,2.941176471,7.058823529,8.235294118,8.823529412,1.764705882,3.529411765
YAL018C,5.846153846,0.307692308,1.538461538,4,10.46153846,6.461538462,2.153846154,8.307692308,4.615384615,12.30769231,3.076923077,5.846153846,4.923076923,3.692307692,1.846153846,6.769230769,4.615384615,6.461538462,0.615384615,6.153846154
YBL007C,7.31511254,0.40192926,5.305466238,5.948553055,3.938906752,7.797427653,0.964630225,3.778135048,6.189710611,6.430868167,3.697749196,6.109324759,7.073954984,6.672025723,3.938906752,8.360128617,8.520900322,4.823151125,0.884244373,1.848874598
YAR002W,7.421150278,0,3.525046382,7.606679035,4.26716141,3.710575139,1.113172542,4.26716141,9.647495362,4.638218924,1.113172542,8.53432282,6.493506494,3.339517625,3.896103896,16.14100186,5.751391466,5.751391466,0,2.782931354
YAL054C,7.854137447,0.981767181,6.732117812,5.329593268,3.646563815,7.012622721,2.805049088,6.171107994,6.591865358,8.134642356,1.122019635,3.225806452,5.610098177,3.085553997,4.207573633,7.152875175,6.591865358,7.713884993,1.683029453,4.347826087
Q0075,2.824858757,0.564971751,3.389830508,5.084745763,5.93220339,3.95480226,1.412429379,7.344632768,11.5819209,13.55932203,4.519774011,11.01694915,2.542372881,2.824858757,1.97740113,4.237288136,5.367231638,2.259887006,0.847457627,8.757062147
YAL028W,5.871212121,0.757575758,6.628787879,5.303030303,3.409090909,3.409090909,4.545454545,3.977272727,9.28030303,8.712121212,2.462121212,4.356060606,5.681818182,3.977272727,3.977272727,16.09848485,3.598484848,5.303030303,0.378787879,2.272727273
Q0060,4.819277108,0.722891566,3.13253012,3.614457831,3.855421687,5.542168675,1.445783133,6.024096386,7.951807229,11.3253012,4.578313253,12.77108434,1.686746988,2.168674699,3.373493976,6.987951807,5.78313253,5.301204819,1.445783133,7.469879518
YAL056W,3.75,1.477272727,6.590909091,5.227272727,4.318181818,6.931818182,2.5,6.477272727,6.818181818,8.409090909,2.954545455,6.477272727,5.795454545,2.727272727,4.659090909,10.79545455,4.318181818,5.227272727,0.909090909,3.636363636
YAL055W,6.111111111,2.777777778,7.777777778,5,2.777777778,6.666666667,1.111111111,7.777777778,8.888888889,5.555555556,2.222222222,3.333333333,4.444444444,2.222222222,5.555555556,9.444444444,5.555555556,8.888888889,1.111111111,2.777777778
YAL031C,5,1.315789474,3.552631579,5.394736842,3.157894737,1.973684211,2.368421053,6.710526316,8.684210526,11.44736842,1.710526316,6.578947368,6.184210526,3.684210526,5.526315789,12.23684211,5.526315789,4.605263158,1.315789474,3.026315789
YBL010C,2.5,1.428571429,8.928571429,9.642857143,4.285714286,2.857142857,2.142857143,4.642857143,7.857142857,11.42857143,1.428571429,6.785714286,3.214285714,5.714285714,5.714285714,7.857142857,6.071428571,4.642857143,0.714285714,2.142857143
YBL001C,4.807692308,1.923076923,8.653846154,5.769230769,1.923076923,7.692307692,4.807692308,10.57692308,8.653846154,5.769230769,2.884615385,0,3.846153846,2.884615385,3.846153846,6.730769231,7.692307692,8.653846154,0.961538462,1.923076923
YAR007C,7.568438003,0.805152979,6.763285024,5.958132045,5.152979066,4.99194847,1.449275362,6.602254428,6.280193237,7.729468599,1.610305958,8.85668277,3.381642512,5.152979066,5.314009662,7.246376812,5.797101449,4.99194847,1.127214171,3.220611916
YAL065C,9.375,0,0.78125,4.6875,1.5625,7.03125,1.5625,7.8125,1.5625,5.46875,1.5625,5.46875,1.5625,2.34375,1.5625,19.53125,18.75,7.8125,0.78125,0.78125
YAR071W,6.209850107,1.927194861,7.280513919,5.139186296,5.56745182,6.209850107,1.927194861,4.925053533,5.56745182,7.494646681,1.713062099,7.066381156,2.78372591,3.211991435,3.211991435,8.35117773,7.922912206,5.995717345,1.498929336,5.995717345
YAL009W,6.177606178,0.772200772,4.633204633,5.019305019,6.563706564,4.247104247,1.930501931,8.108108108,6.563706564,7.335907336,1.158301158,3.861003861,2.702702703,4.247104247,9.266409266,9.652509653,5.405405405,6.94980695,2.316602317,3.088803089
YAL023C,5.928853755,1.449275362,4.743083004,3.95256917,6.719367589,6.587615283,2.766798419,5.138339921,4.479578393,10.40843215,3.162055336,4.87483531,4.611330698,2.898550725,4.347826087,8.82740448,4.87483531,6.192358366,3.557312253,4.479578393
YAL001C,4.482758621,0.603448276,6.810344828,6.293103448,3.620689655,5.086206897,1.379310345,7.5,10.77586207,8.362068966,1.465517241,5.689655172,2.586206897,3.189655172,5.517241379,8.362068966,6.465517241,7.5,1.293103448,3.017241379
YAL060W,6.282722513,2.879581152,5.759162304,6.544502618,3.664921466,9.42408377,4.45026178,7.329842932,8.115183246,7.068062827,2.879581152,2.617801047,4.97382199,2.617801047,2.094240838,6.806282723,4.188481675,9.42408377,1.308900524,1.570680628
YBR028C,4.952380952,0.952380952,6.285714286,6.476190476,3.80952381,5.333333333,2.666666667,6.476190476,8.761904762,10.0952381,1.714285714,6.857142857,4.19047619,2.476190476,4.19047619,9.523809524,5.714285714,4,0.761904762,4.761904762
YBL034C,3.899537343,0.925313946,6.014540648,6.741573034,5.485789822,1.850627892,1.718440185,7.402511566,8.658294779,11.23595506,2.908129544,9.253139458,3.63516193,3.83344349,2.908129544,10.1784534,5.948446794,3.701255783,0.594844679,3.106411104
YBR070C,4.641350211,1.687763713,2.53164557,4.219409283,5.907172996,6.751054852,2.953586498,8.438818565,8.016877637,13.92405063,2.109704641,2.109704641,2.953586498,2.953586498,4.641350211,7.172995781,5.063291139,8.016877637,1.687763713,4.219409283
YBR072C-A,3.773584906,0,5.660377358,0,3.773584906,0,7.547169811,11.32075472,5.660377358,9.433962264,1.886792453,3.773584906,1.886792453,1.886792453,13.20754717,16.98113208,9.433962264,3.773584906,0,0
YBL028C,6.603773585,0,7.547169811,7.547169811,2.830188679,3.773584906,2.830188679,2.830188679,20.75471698,7.547169811,2.830188679,1.886792453,0.943396226,4.716981132,8.490566038,9.433962264,3.773584906,3.773584906,0.943396226,0.943396226
YBL079W,5.525965379,0.86551265,5.326231691,6.191744341,5.659121172,4.394141145,1.797603196,8.78828229,6.524633822,9.587217044,1.864181092,6.458055925,3.728362184,3.994673768,3.528628495,10.18641811,5.792276964,5.459387483,0.665778961,3.661784288
YBR044C,5.41958042,2.097902098,5.244755245,5.41958042,2.447552448,4.72027972,1.398601399,7.342657343,8.741258741,11.18881119,1.923076923,8.041958042,4.195804196,2.097902098,4.545454545,8.216783217,5.944055944,6.118881119,0.34965035,4.545454545
YBR047W,2.857142857,0.571428571,6.285714286,8.571428571,6.857142857,2.857142857,4,6.857142857,9.714285714,9.714285714,1.714285714,5.142857143,4.571428571,2.857142857,5.142857143,6.857142857,3.428571429,8.571428571,0,3.428571429
YBL072C,11.5,1,1.5,7,3.5,8,2,5.5,11,5,0.5,4,2,3.5,11,8.5,6,4,1.5,3
YBR037C,5.762711864,1.355932203,5.084745763,5.762711864,6.779661017,8.813559322,1.355932203,3.728813559,8.474576271,11.18644068,1.016949153,4.406779661,5.762711864,3.050847458,5.084745763,6.779661017,4.745762712,5.423728814,1.016949153,4.406779661
YBL020W,4.87804878,1.219512195,2.961672474,4.181184669,9.581881533,4.529616725,1.219512195,9.930313589,5.74912892,14.11149826,1.742160279,5.226480836,2.264808362,3.658536585,3.832752613,8.362369338,5.574912892,5.400696864,1.567944251,4.006968641
YBR023C,5.064377682,1.888412017,7.210300429,4.635193133,4.806866953,5.321888412,1.974248927,6.266094421,7.124463519,8.755364807,2.575107296,5.064377682,4.721030043,3.004291845,3.948497854,9.012875536,6.266094421,6.86695279,1.974248927,3.519313305
YBR072W,5.140186916,0,9.813084112,5.607476636,5.140186916,7.009345794,1.401869159,4.205607477,9.345794393,7.476635514,0.46728972,8.411214953,6.542056075,2.336448598,3.738317757,7.476635514,3.271028037,8.411214953,0.934579439,3.271028037
YBL095W,5.925925926,1.481481481,4.444444444,7.037037037,5.925925926,7.407407407,4.074074074,5.925925926,7.777777778,12.59259259,1.851851852,4.074074074,5.185185185,2.962962963,4.074074074,4.814814815,4.074074074,6.666666667,1.851851852,1.851851852
YBL068W,9.509202454,1.533742331,7.36196319,5.214723926,2.760736196,4.90797546,3.067484663,8.895705521,6.441717791,9.81595092,2.147239264,4.90797546,3.680981595,3.067484663,4.294478528,7.055214724,5.828220859,7.36196319,0,2.147239264
YBR020W,8.901515152,2.651515152,4.545454545,6.439393939,4.924242424,6.060606061,2.083333333,4.545454545,7.196969697,9.090909091,1.893939394,5.492424242,4.924242424,2.272727273,3.03030303,8.522727273,4.545454545,8.522727273,0.568181818,3.787878788
YBR077C,3.086419753,1.234567901,6.172839506,7.407407407,3.703703704,4.320987654,2.469135802,7.407407407,7.407407407,11.72839506,4.320987654,8.024691358,3.086419753,1.851851852,1.234567901,10.49382716,6.172839506,4.938271605,0.617283951,4.320987654
YBR038W,6.853582555,1.246105919,4.984423676,5.192107996,5.919003115,4.672897196,2.180685358,5.503634476,6.334371755,9.241952233,2.492211838,5.192107996,4.465212876,3.738317757,5.088265836,9.241952233,5.192107996,6.230529595,1.765316719,4.465212876
YBL108C-A,9.523809524,0,4.761904762,0,0,7.142857143,0,11.9047619,4.761904762,7.142857143,4.761904762,2.380952381,7.142857143,2.380952381,4.761904762,11.9047619,9.523809524,4.761904762,2.380952381,4.761904762
YBR043C,6.821480406,0.870827286,4.35413643,5.079825835,4.063860668,6.095791001,1.45137881,6.821480406,4.499274311,10.88534107,2.757619739,4.789550073,4.499274311,3.483309144,5.079825835,9.724238026,5.805515239,6.386066763,1.741654572,4.789550073
YBR003W,7.399577167,1.057082452,5.708245243,5.919661734,3.594080338,5.073995772,3.171247357,7.188160677,7.188160677,12.05073996,1.691331924,4.4397463,5.708245243,2.748414376,5.919661734,9.090909091,4.651162791,5.285412262,0.422832981,1.691331924
YBL035C,4.539007092,0.567375887,5.24822695,6.241134752,5.106382979,5.106382979,1.985815603,6.808510638,7.234042553,8.936170213,1.276595745,5.815602837,6.666666667,4.964539007,3.829787234,10.07092199,6.666666667,5.815602837,0.283687943,2.836879433
YBR030W,5.797101449,1.630434783,8.695652174,10.6884058,4.528985507,4.528985507,2.717391304,5.797101449,7.065217391,11.05072464,1.630434783,5.434782609,3.442028986,2.355072464,2.717391304,9.420289855,3.623188406,4.710144928,1.630434783,2.536231884
YBL078C,6.837606838,0.854700855,5.982905983,8.547008547,6.837606838,3.418803419,0.854700855,8.547008547,11.11111111,5.128205128,2.564102564,2.564102564,6.837606838,1.709401709,6.837606838,5.128205128,5.128205128,5.982905983,0,5.128205128
YBR050C,5.325443787,2.071005917,7.98816568,5.325443787,4.142011834,2.071005917,2.662721893,5.917159763,8.284023669,7.692307692,1.775147929,9.467455621,4.142011834,2.958579882,5.917159763,10.35502959,5.621301775,4.733727811,1.183431953,2.366863905
YBR026C,5,0.526315789,5.526315789,5,2.894736842,6.315789474,1.315789474,6.578947368,9.736842105,8.421052632,1.578947368,6.315789474,3.684210526,3.684210526,2.631578947,10.78947368,7.368421053,7.631578947,1.578947368,3.421052632
YBL113C,8.45959596,1.515151515,4.04040404,6.313131313,2.525252525,3.282828283,1.388888889,3.282828283,4.04040404,6.186868687,1.767676768,7.954545455,1.515151515,3.03030303,5.934343434,12.62626263,17.17171717,5.050505051,1.136363636,2.777777778
YBL067C,3.74832664,2.141900937,6.55957162,7.362784471,4.417670683,5.087014726,1.87416332,5.488621151,8.701472557,7.898259705,1.472556894,8.165997323,5.220883534,3.212851406,3.74832664,11.37884873,5.220883534,4.819277108,0.401606426,3.078982597
YBR074W,4.713114754,0.922131148,5.327868852,5.225409836,5.635245902,4.610655738,2.663934426,6.864754098,5.225409836,11.57786885,1.741803279,5.942622951,3.586065574,3.68852459,3.995901639,10.75819672,6.25,5.430327869,1.331967213,4.508196721
YBR021W,8.056872038,2.52764613,3.475513428,3.791469194,7.740916272,5.845181675,1.737756714,7.266982622,4.58135861,8.530805687,2.369668246,4.58135861,4.107424961,2.369668246,3.317535545,10.11058452,3.949447077,6.951026856,3.475513428,5.213270142
YBR031W,12.43093923,0.276243094,1.933701657,4.419889503,2.209944751,7.73480663,2.762430939,4.143646409,8.839779006,7.73480663,0.828729282,4.419889503,4.696132597,3.314917127,6.906077348,6.906077348,7.73480663,9.392265193,1.657458564,1.657458564
YBR001C,6.025641026,0.897435897,6.025641026,7.435897436,4.358974359,6.41025641,2.307692308,5,6.282051282,9.487179487,2.179487179,5.384615385,5,2.692307692,5.897435897,6.538461538,5.512820513,4.871794872,1.538461538,6.153846154
YBL043W,7.392996109,1.167315175,11.28404669,9.338521401,2.723735409,3.112840467,3.112840467,3.501945525,4.6692607,6.614785992,0.778210117,7.003891051,3.891050584,2.33463035,2.723735409,12.06225681,8.560311284,4.6692607,0,5.058365759
YBR055C,6.562847608,1.223581758,6.562847608,7.45272525,3.670745273,3.003337041,1.223581758,5.561735261,8.565072303,12.56952169,1.890989989,6.006674082,4.004449388,5.11679644,5.895439377,6.451612903,4.783092325,4.338153504,1.890989989,3.225806452
YBR009C,5.825242718,0,2.912621359,3.883495146,1.941747573,15.53398058,1.941747573,6.796116505,10.67961165,8.737864078,0.970873786,0.970873786,0.970873786,1.941747573,13.59223301,5.825242718,5.825242718,7.766990291,0,3.883495146
YBL056W,5.769230769,2.991452991,10.04273504,7.905982906,4.05982906,7.264957265,2.564102564,6.623931624,5.555555556,8.974358974,2.777777778,5.341880342,2.136752137,2.991452991,3.205128205,10.8974359,4.914529915,4.273504274,0.641025641,1.068376068
YBL039W-B,3.389830508,1.694915254,3.389830508,1.694915254,13.55932203,3.389830508,1.694915254,8.474576271,10.16949153,3.389830508,6.779661017,8.474576271,5.084745763,0,3.389830508,11.86440678,6.779661017,3.389830508,1.694915254,1.694915254
YBR063C,2.475247525,1.237623762,6.188118812,7.178217822,5.198019802,3.96039604,0.99009901,9.900990099,6.930693069,7.920792079,2.475247525,7.178217822,2.97029703,1.98019802,5.940594059,10.14851485,7.920792079,5.198019802,0.742574257,3.465346535
YBL063W,3.690369037,1.440144014,5.400540054,6.750675068,2.97029703,3.240324032,2.430243024,8.820882088,7.740774077,10.0810081,1.800180018,10.53105311,2.610261026,6.210621062,3.690369037,10.4410441,6.570657066,3.420342034,0.090009001,2.070207021
YBR007C,5.298913043,1.358695652,5.434782609,5.842391304,3.39673913,4.076086957,2.309782609,3.940217391,9.375,8.695652174,2.038043478,7.744565217,5.97826087,2.989130435,4.891304348,13.72282609,7.744565217,1.630434783,0.543478261,2.989130435
